500000 19 20000 100000 Phone
55000 180 1000 500 Watch
17000 500 3000 500 Mouse
300 100 50 200 Pencil
800 133 150 200 Eraser
30000 183 5000 2000 Keyboard
450000 17 30000 100000 Tablet
1400000 7 100000 200000 Laptop
35000 130 2500 1000 Clock
18000 43 3000 1500 Books
8000 60 1500 500 Tumbler
3000 300 800 500 Paper Clip
1500 254 100 400 Stickynotes
10000 150 2000 1000 Cable Ties
20000 204 3000 1000 USB Drives
2400 482 300 200 Tapes
43000 84 3000 1500 Speaker
30000 259 5000 1200 File Holder
23000 37 2000 1000 Desk Lamp
2300 523 200 150 Highlighter
7000 487 500 200 Scissors
6000 94 500 800 Stapler
5000 638 1000 800 Paper Towel
80 1524 30 30 Trash Bags
58000 136 7000 1500 Chair
100000 84 10000 3000 Desks
420000 18 15000 4000 Sofas
2500 294 1300 800 Light Bulbs
73000 123 24000 5000 Ovens
84000 63 20000 3500 Printer
34000 53 8000 3500 Coffeepot
15000 313 3000 4000 Knife
2500 467 700 600 Can Opener
8500 524 1300 400 Whiteboards
6000 482 800 3000 Dishes
32000 120 12000 2000 Sausepan
23000 163 5000 1500 Frying Pan
3700 627 700 500 White Milk
150 840 20 50 One Egg
800 930 100 100 Water
4800 130 1500 1300 Cereal
3500 73 500 250 Trump Cards
13000 53 3000 4000 Board Games
2800 240 300 300 Beverage
4200 50 700 400 Pencil Case
2100 140 850 300 Wet Wipes
1500 423 400 400 Tissue
1500 230 300 500 Notebook
36000 80 7000 2000 Backpack
6000 130 800 400 Mirror
